 2 7 3 4 8 1 9 6 5 
 9 1 6 2 7 5 4 3 8 
 5 4 8 6 9 3 1 2 7 
 8 5 9 3 4 7 6 1 2 
 3 6 7 5 1 2 8 4 9 
 1 2 4 9 6 8 7 5 3 
 4 3 1 8 2 9 5 7 6 
 6 8 5 7 3 4 2 9 1 
 7 9 2 1 5 6 3 8 4 

 8 9 7 4 5 1 6 2 3 
 6 3 2 9 8 7 4 1 5 
 4 1 5 2 3 6 9 8 7 
 7 4 9 3 2 5 8 6 1 
 1 6 3 7 9 8 2 5 4 
 2 5 8 1 6 4 3 7 9 
 5 8 4 6 1 3 7 9 2 
 9 7 6 5 4 2 1 3 8 
 3 2 1 8 7 9 5 4 6 

 7 1 8 4 6 9 3 2 5 
 5 2 6 3 8 7 9 4 1 
 9 3 4 5 1 2 8 6 7 
 1 8 7 6 4 3 5 9 2 
 2 4 5 7 9 8 6 1 3 
 3 6 9 1 2 5 7 8 4 
 6 9 3 2 7 1 4 5 8 
 4 5 1 8 3 6 2 7 9 
 8 7 2 9 5 4 1 3 6 

